53 49 4d 49 53 41 40 40  40 40 40 40 40 40 40 40
4a 49 4e 58 30 50 30 74  5f 5f 5f 5f 5f 5f 0d 0d
0a 0d 0d 0a 53 65 72 69  61 6c 20 28 20 31 20 29
0d 0d 0a 54 72 61 63 6b  50 44 50 73 20 28 0d 0d
0a 09 54 72 61 63 6b 50  44 50 20 28 20 2d 31 32
38 34 32 20 31 34 37 33  34 20 2d 35 32 38 2e 33
35 32 39 37 30 20 38 38  35 2e 39 34 34 30 33 30
20 34 33 35 2e 30 33 39  30 30 30 20 31 20 31 20
29 0d 0d 0a 09 54 72 61  63 6b 50 44 50 20 28 20
2d 31 32 38 34 32 20 31  34 37 33 34 20 2d 35 36
34 2e 37 36 30 39 39 30  20 38 38 36 2e 30 34 38
39 35 30 20 34 31 38 2e  34 37 34 30 30 30 20 32
20 30 20 29 0d 0d 0a 09  54 72 61 63 6b 50 44 50
20 28 20 2d 31 32 38 34  32 20 31 34 37 33 34 20
2d 36 35 35 2e 37 38 33  30 32 30 20 38 38 36 2e
30 34 38 39 35 30 20 33  37 37 2e 30 35 38 38 34
30 20 32 20 30 20 29 0d  0d 0a 09 54 72 61 63 6b
50 44 50 20 28 20 2d 31  32 38 34 32 20 31 34 37
33 34 20 2d 37 34 36 2e  38 30 32 30 30 30 20 38
38 35 2e 35 32 36 30 30  30 20 33 33 35 2e 36 34
35 31 31 30 20 32 20 30  20 29 0d 0d 0a 09 54 72
61 63 6b 50 44 50 20 28  20 2d 31 32 38 34 32 20
31 34 37 33 34 20 2d 38  33 37 2e 38 31 37 39 39
30 20 38 38 34 2e 34 37  39 30 30 30 20 32 39 34
2e 32 33 33 30 30 30 20  32 20 30 20 29 0d 0d 0a
09 54 72 61 63 6b 50 44  50 20 28 20 2d 31 32 38
34 32 20 31 34 37 33 34  20 2d 39 32 38 2e 38 33
30 39 39 30 20 38 38 33  2e 31 36 39 36 38 30 20
32 35 32 2e 38 32 32 30  32 30 20 31 20 31 20 29
0d 0d 0a 29 0d 0d 0a 54  72 61 63 6b 50 61 74 68
20 28 0d 0d 0a 09 54 72  50 61 74 68 4e 61 6d 65
20 28 20 4f 52 5f 54 65  73 74 4c 69 6e 65 5f 31
32 38 34 32 5f 31 34 37  33 34 20 29 0d 0d 0a 09
54 72 50 61 74 68 46 6c  61 67 73 20 28 20 30 30
30 30 30 30 30 30 20 29  0d 0d 0a 09 4e 61 6d 65
20 28 20 4f 52 5f 54 65  73 74 4c 69 6e 65 5f 31
32 38 34 32 5f 31 34 37  33 34 20 29 0d 0d 0a 09
54 72 50 61 74 68 53 74  61 72 74 20 28 20 54 65
73 74 53 74 61 72 74 20  29 0d 0d 0a 09 54 72 50
61 74 68 45 6e 64 20 28  20 54 65 73 74 45 6e 64
20 29 0d 0d 0a 09 54 72  50 61 74 68 4e 6f 64 65
73 20 28 20 36 0d 0d 0a  09 09 54 72 50 61 74 68
4e 6f 64 65 20 28 20 30  30 30 30 30 30 30 30 20
31 20 34 32 39 34 39 36  37 32 39 35 20 30 20 29
0d 0d 0a 09 09 54 72 50  61 74 68 4e 6f 64 65 20
28 20 30 30 30 30 30 30  30 30 20 32 20 34 32 39
34 39 36 37 32 39 35 20  31 20 29 0d 0d 0a 09 09
54 72 50 61 74 68 4e 6f  64 65 20 28 20 30 30 30
30 30 30 30 30 20 33 20  34 32 39 34 39 36 37 32
39 35 20 32 20 29 0d 0d  0a 09 09 54 72 50 61 74
68 4e 6f 64 65 20 28 20  30 30 30 30 30 30 30 30
20 34 20 34 32 39 34 39  36 37 32 39 35 20 33 20
29 0d 0d 0a 09 09 54 72  50 61 74 68 4e 6f 64 65
20 28 20 30 30 30 30 30  30 30 30 20 35 20 34 32
39 34 39 36 37 32 39 35  20 34 20 29 0d 0d 0a 09
09 54 72 50 61 74 68 4e  6f 64 65 20 28 20 30 30
30 30 30 30 30 30 20 34  32 39 34 39 36 37 32 39
35 20 34 32 39 34 39 36  37 32 39 35 20 35 20 29
0d 0d 0a 09 29 0d 0d 0a  29 0d 0d 0a
